# Blender v2.80 (sub 75) OBJ File: 'chopped2.blend'
# www.blender.org
mtllib chopped2.mtl
o Cube
v -0.027323 0.417416 -0.009099
v -0.027323 0.273238 -0.009099
v -0.027323 0.417416 0.115762
v -0.027323 0.273238 0.115762
v -0.171501 0.417416 -0.009099
v -0.171501 0.273238 -0.009099
v -0.171501 0.417416 0.115762
v -0.171501 0.273238 0.115762
vt 0.375000 0.000000
vt 0.625000 0.000000
vt 0.625000 0.250000
vt 0.375000 0.250000
vt 0.375000 0.250000
vt 0.625000 0.250000
vt 0.625000 0.500000
vt 0.375000 0.500000
vt 0.625000 0.750000
vt 0.375000 0.750000
vt 0.625000 0.750000
vt 0.625000 1.000000
vt 0.375000 1.000000
vt 0.125000 0.500000
vt 0.375000 0.500000
vt 0.375000 0.750000
vt 0.125000 0.750000
vt 0.625000 0.500000
vt 0.875000 0.500000
vt 0.875000 0.750000
vn 0.0000 1.0000 0.0000
vn 0.0000 0.0000 1.0000
vn -1.0000 0.0000 0.0000
vn 0.0000 -1.0000 0.0000
vn 1.0000 0.0000 0.0000
vn 0.0000 0.0000 -1.0000
usemtl Material
s off
f 1/1/1 5/2/1 7/3/1 3/4/1
f 4/5/2 3/6/2 7/7/2 8/8/2
f 8/8/3 7/7/3 5/9/3 6/10/3
f 6/10/4 2/11/4 4/12/4 8/13/4
f 2/14/5 1/15/5 3/16/5 4/17/5
f 6/18/6 5/19/6 1/20/6 2/11/6
o Cube.001
v 0.287808 0.119754 -0.345567
v 0.276023 -0.021482 -0.321906
v 0.277104 0.141302 -0.222271
v 0.265319 0.000066 -0.198610
v 0.144814 0.129326 -0.359654
v 0.133028 -0.011910 -0.335993
v 0.134110 0.150875 -0.236358
v 0.122324 0.009639 -0.212697
vt 0.375000 0.000000
vt 0.625000 0.000000
vt 0.625000 0.250000
vt 0.375000 0.250000
vt 0.375000 0.250000
vt 0.625000 0.250000
vt 0.625000 0.500000
vt 0.375000 0.500000
vt 0.625000 0.750000
vt 0.375000 0.750000
vt 0.625000 0.750000
vt 0.625000 1.000000
vt 0.375000 1.000000
vt 0.125000 0.500000
vt 0.375000 0.500000
vt 0.375000 0.750000
vt 0.125000 0.750000
vt 0.625000 0.500000
vt 0.875000 0.500000
vt 0.875000 0.750000
vn 0.0820 0.9829 -0.1647
vn -0.0852 0.1715 0.9815
vn -0.9930 0.0665 -0.0978
vn -0.0820 -0.9829 0.1647
vn 0.9930 -0.0665 0.0978
vn 0.0852 -0.1715 -0.9815
usemtl Material
s off
f 9/21/7 13/22/7 15/23/7 11/24/7
f 12/25/8 11/26/8 15/27/8 16/28/8
f 16/28/9 15/27/9 13/29/9 14/30/9
f 14/30/10 10/31/10 12/32/10 16/33/10
f 10/34/11 9/35/11 11/36/11 12/37/11
f 14/38/12 13/39/12 9/40/12 10/31/12
o Cube.002
v 0.167572 0.122166 0.079772
v 0.155787 -0.019070 0.103433
v 0.156868 0.143714 0.203068
v 0.145083 0.002478 0.226729
v 0.024578 0.131738 0.065685
v 0.012792 -0.009498 0.089346
v 0.013874 0.153287 0.188981
v 0.002088 0.012051 0.212642
vt 0.375000 0.000000
vt 0.625000 0.000000
vt 0.625000 0.250000
vt 0.375000 0.250000
vt 0.375000 0.250000
vt 0.625000 0.250000
vt 0.625000 0.500000
vt 0.375000 0.500000
vt 0.625000 0.750000
vt 0.375000 0.750000
vt 0.625000 0.750000
vt 0.625000 1.000000
vt 0.375000 1.000000
vt 0.125000 0.500000
vt 0.375000 0.500000
vt 0.375000 0.750000
vt 0.125000 0.750000
vt 0.625000 0.500000
vt 0.875000 0.500000
vt 0.875000 0.750000
vn 0.0820 0.9829 -0.1647
vn -0.0852 0.1715 0.9815
vn -0.9930 0.0665 -0.0978
vn -0.0820 -0.9829 0.1647
vn 0.9930 -0.0665 0.0978
vn 0.0852 -0.1715 -0.9815
usemtl Material
s off
f 17/41/13 21/42/13 23/43/13 19/44/13
f 20/45/14 19/46/14 23/47/14 24/48/14
f 24/48/15 23/47/15 21/49/15 22/50/15
f 22/50/16 18/51/16 20/52/16 24/53/16
f 18/54/17 17/55/17 19/56/17 20/57/17
f 22/58/18 21/59/18 17/60/18 18/51/18
o Cube.003
v -0.050253 0.326876 0.165772
v -0.037757 0.188392 0.131723
v -0.032827 0.298495 0.287601
v -0.020331 0.160011 0.253553
v -0.192265 0.310033 0.182160
v -0.179770 0.171549 0.148112
v -0.174840 0.281651 0.303989
v -0.162344 0.143167 0.269941
vt 0.375000 0.000000
vt 0.625000 0.000000
vt 0.625000 0.250000
vt 0.375000 0.250000
vt 0.375000 0.250000
vt 0.625000 0.250000
vt 0.625000 0.500000
vt 0.375000 0.500000
vt 0.625000 0.750000
vt 0.375000 0.750000
vt 0.625000 0.750000
vt 0.625000 1.000000
vt 0.375000 1.000000
vt 0.125000 0.500000
vt 0.375000 0.500000
vt 0.375000 0.750000
vt 0.125000 0.750000
vt 0.625000 0.500000
vt 0.875000 0.500000
vt 0.875000 0.750000
vn -0.0873 0.9674 0.2378
vn 0.1380 -0.2247 0.9646
vn -0.9866 -0.1170 0.1139
vn 0.0873 -0.9674 -0.2378
vn 0.9866 0.1170 -0.1139
vn -0.1380 0.2247 -0.9646
usemtl Material
s off
f 25/61/19 29/62/19 31/63/19 27/64/19
f 28/65/20 27/66/20 31/67/20 32/68/20
f 32/68/21 31/67/21 29/69/21 30/70/21
f 30/70/22 26/71/22 28/72/22 32/73/22
f 26/74/23 25/75/23 27/76/23 28/77/23
f 30/78/24 29/79/24 25/80/24 26/71/24
o Cube.004
v 0.081684 0.329769 -0.289982
v 0.094180 0.191285 -0.324030
v 0.099110 0.301388 -0.168153
v 0.111605 0.162904 -0.202201
v -0.060329 0.312925 -0.273594
v -0.047833 0.174441 -0.307642
v -0.042903 0.284544 -0.151764
v -0.030407 0.146060 -0.185813
vt 0.375000 0.000000
vt 0.625000 0.000000
vt 0.625000 0.250000
vt 0.375000 0.250000
vt 0.375000 0.250000
vt 0.625000 0.250000
vt 0.625000 0.500000
vt 0.375000 0.500000
vt 0.625000 0.750000
vt 0.375000 0.750000
vt 0.625000 0.750000
vt 0.625000 1.000000
vt 0.375000 1.000000
vt 0.125000 0.500000
vt 0.375000 0.500000
vt 0.375000 0.750000
vt 0.125000 0.750000
vt 0.625000 0.500000
vt 0.875000 0.500000
vt 0.875000 0.750000
vn -0.0873 0.9674 0.2378
vn 0.1380 -0.2247 0.9646
vn -0.9866 -0.1170 0.1139
vn 0.0873 -0.9674 -0.2378
vn 0.9866 0.1170 -0.1139
vn -0.1380 0.2247 -0.9646
usemtl Material
s off
f 33/81/25 37/82/25 39/83/25 35/84/25
f 36/85/26 35/86/26 39/87/26 40/88/26
f 40/88/27 39/87/27 37/89/27 38/90/27
f 38/90/28 34/91/28 36/92/28 40/93/28
f 34/94/29 33/95/29 35/96/29 36/97/29
f 38/98/30 37/99/30 33/100/30 34/91/30
o Cube.005
v 0.267263 0.246084 -0.187796
v 0.255477 0.104848 -0.164136
v 0.256559 0.267632 -0.064500
v 0.244773 0.126396 -0.040839
v 0.124269 0.255656 -0.201884
v 0.112483 0.114420 -0.178223
v 0.113565 0.277205 -0.078587
v 0.101779 0.135969 -0.054927
vt 0.375000 0.000000
vt 0.625000 0.000000
vt 0.625000 0.250000
vt 0.375000 0.250000
vt 0.375000 0.250000
vt 0.625000 0.250000
vt 0.625000 0.500000
vt 0.375000 0.500000
vt 0.625000 0.750000
vt 0.375000 0.750000
vt 0.625000 0.750000
vt 0.625000 1.000000
vt 0.375000 1.000000
vt 0.125000 0.500000
vt 0.375000 0.500000
vt 0.375000 0.750000
vt 0.125000 0.750000
vt 0.625000 0.500000
vt 0.875000 0.500000
vt 0.875000 0.750000
vn 0.0820 0.9829 -0.1647
vn -0.0852 0.1715 0.9815
vn -0.9930 0.0665 -0.0978
vn -0.0820 -0.9829 0.1647
vn 0.9930 -0.0665 0.0978
vn 0.0852 -0.1715 -0.9815
usemtl Material
s off
f 41/101/31 45/102/31 47/103/31 43/104/31
f 44/105/32 43/106/32 47/107/32 48/108/32
f 48/108/33 47/107/33 45/109/33 46/110/33
f 46/110/34 42/111/34 44/112/34 48/113/34
f 42/114/35 41/115/35 43/116/35 44/117/35
f 46/118/36 45/119/36 41/120/36 42/111/36
o Cube.006
v -0.073225 0.278133 -0.187769
v -0.060729 0.139649 -0.221818
v -0.055799 0.249751 -0.065940
v -0.043303 0.111267 -0.099988
v -0.215237 0.261289 -0.171381
v -0.202742 0.122805 -0.205429
v -0.197812 0.232908 -0.049552
v -0.185316 0.094424 -0.083600
vt 0.375000 0.000000
vt 0.625000 0.000000
vt 0.625000 0.250000
vt 0.375000 0.250000
vt 0.375000 0.250000
vt 0.625000 0.250000
vt 0.625000 0.500000
vt 0.375000 0.500000
vt 0.625000 0.750000
vt 0.375000 0.750000
vt 0.625000 0.750000
vt 0.625000 1.000000
vt 0.375000 1.000000
vt 0.125000 0.500000
vt 0.375000 0.500000
vt 0.375000 0.750000
vt 0.125000 0.750000
vt 0.625000 0.500000
vt 0.875000 0.500000
vt 0.875000 0.750000
vn -0.0873 0.9674 0.2378
vn 0.1380 -0.2247 0.9646
vn -0.9866 -0.1170 0.1139
vn 0.0873 -0.9674 -0.2378
vn 0.9866 0.1170 -0.1139
vn -0.1380 0.2247 -0.9646
usemtl Material
s off
f 49/121/37 53/122/37 55/123/37 51/124/37
f 52/125/38 51/126/38 55/127/38 56/128/38
f 56/128/39 55/127/39 53/129/39 54/130/39
f 54/130/40 50/131/40 52/132/40 56/133/40
f 50/134/41 49/135/41 51/136/41 52/137/41
f 54/138/42 53/139/42 49/140/42 50/131/42
o Cube.007
v 0.333331 0.304746 0.057171
v 0.345827 0.166262 0.023122
v 0.350757 0.276365 0.179000
v 0.363253 0.137881 0.144952
v 0.191319 0.287903 0.073559
v 0.203815 0.149419 0.039511
v 0.208744 0.259521 0.195388
v 0.221240 0.121037 0.161340
vt 0.375000 0.000000
vt 0.625000 0.000000
vt 0.625000 0.250000
vt 0.375000 0.250000
vt 0.375000 0.250000
vt 0.625000 0.250000
vt 0.625000 0.500000
vt 0.375000 0.500000
vt 0.625000 0.750000
vt 0.375000 0.750000
vt 0.625000 0.750000
vt 0.625000 1.000000
vt 0.375000 1.000000
vt 0.125000 0.500000
vt 0.375000 0.500000
vt 0.375000 0.750000
vt 0.125000 0.750000
vt 0.625000 0.500000
vt 0.875000 0.500000
vt 0.875000 0.750000
vn -0.0873 0.9674 0.2378
vn 0.1380 -0.2247 0.9646
vn -0.9866 -0.1170 0.1139
vn 0.0873 -0.9674 -0.2378
vn 0.9866 0.1170 -0.1139
vn -0.1380 0.2247 -0.9646
usemtl Material
s off
f 57/141/43 61/142/43 63/143/43 59/144/43
f 60/145/44 59/146/44 63/147/44 64/148/44
f 64/148/45 63/147/45 61/149/45 62/150/45
f 62/150/46 58/151/46 60/152/46 64/153/46
f 58/154/47 57/155/47 59/156/47 60/157/47
f 62/158/48 61/159/48 57/160/48 58/151/48
o Cube.008
v 0.398879 0.167483 -0.187769
v 0.411375 0.028999 -0.221818
v 0.416304 0.139102 -0.065940
v 0.428800 0.000618 -0.099988
v 0.256866 0.150640 -0.171381
v 0.269362 0.012156 -0.205429
v 0.274291 0.122258 -0.049552
v 0.286787 -0.016226 -0.083600
vt 0.375000 0.000000
vt 0.625000 0.000000
vt 0.625000 0.250000
vt 0.375000 0.250000
vt 0.375000 0.250000
vt 0.625000 0.250000
vt 0.625000 0.500000
vt 0.375000 0.500000
vt 0.625000 0.750000
vt 0.375000 0.750000
vt 0.625000 0.750000
vt 0.625000 1.000000
vt 0.375000 1.000000
vt 0.125000 0.500000
vt 0.375000 0.500000
vt 0.375000 0.750000
vt 0.125000 0.750000
vt 0.625000 0.500000
vt 0.875000 0.500000
vt 0.875000 0.750000
vn -0.0873 0.9674 0.2378
vn 0.1380 -0.2247 0.9646
vn -0.9866 -0.1170 0.1139
vn 0.0873 -0.9674 -0.2378
vn 0.9866 0.1170 -0.1139
vn -0.1380 0.2247 -0.9646
usemtl Material
s off
f 65/161/49 69/162/49 71/163/49 67/164/49
f 68/165/50 67/166/50 71/167/50 72/168/50
f 72/168/51 71/167/51 69/169/51 70/170/51
f 70/170/52 66/171/52 68/172/52 72/173/52
f 66/174/53 65/175/53 67/176/53 68/177/53
f 70/178/54 69/179/54 65/180/54 66/171/54
o Cube.009
v 0.378392 0.314143 -0.041040
v 0.378392 0.169965 -0.041040
v 0.378392 0.314143 0.083820
v 0.378392 0.169965 0.083820
v 0.234214 0.314143 -0.041040
v 0.234214 0.169965 -0.041040
v 0.234214 0.314143 0.083820
v 0.234214 0.169965 0.083820
vt 0.375000 0.000000
vt 0.625000 0.000000
vt 0.625000 0.250000
vt 0.375000 0.250000
vt 0.375000 0.250000
vt 0.625000 0.250000
vt 0.625000 0.500000
vt 0.375000 0.500000
vt 0.625000 0.750000
vt 0.375000 0.750000
vt 0.625000 0.750000
vt 0.625000 1.000000
vt 0.375000 1.000000
vt 0.125000 0.500000
vt 0.375000 0.500000
vt 0.375000 0.750000
vt 0.125000 0.750000
vt 0.625000 0.500000
vt 0.875000 0.500000
vt 0.875000 0.750000
vn 0.0000 1.0000 0.0000
vn 0.0000 0.0000 1.0000
vn -1.0000 0.0000 0.0000
vn 0.0000 -1.0000 0.0000
vn 1.0000 0.0000 0.0000
vn 0.0000 0.0000 -1.0000
usemtl Material
s off
f 73/181/55 77/182/55 79/183/55 75/184/55
f 76/185/56 75/186/56 79/187/56 80/188/56
f 80/188/57 79/187/57 77/189/57 78/190/57
f 78/190/58 74/191/58 76/192/58 80/193/58
f 74/194/59 73/195/59 75/196/59 76/197/59
f 78/198/60 77/199/60 73/200/60 74/191/60
o Cube.010
v -0.111870 0.114523 0.014450
v -0.135429 -0.027068 0.026582
v -0.198839 0.137495 0.113664
v -0.222398 -0.004096 0.125796
v -0.212824 0.123560 -0.076137
v -0.236384 -0.018032 -0.064005
v -0.299793 0.146532 0.023078
v -0.323353 0.004940 0.035210
vt 0.375000 0.000000
vt 0.625000 0.000000
vt 0.625000 0.250000
vt 0.375000 0.250000
vt 0.375000 0.250000
vt 0.625000 0.250000
vt 0.625000 0.500000
vt 0.375000 0.500000
vt 0.625000 0.750000
vt 0.375000 0.750000
vt 0.625000 0.750000
vt 0.625000 1.000000
vt 0.375000 1.000000
vt 0.125000 0.500000
vt 0.375000 0.500000
vt 0.375000 0.750000
vt 0.125000 0.750000
vt 0.625000 0.500000
vt 0.875000 0.500000
vt 0.875000 0.750000
vn 0.1636 0.9829 -0.0842
vn -0.6494 0.1715 0.7408
vn -0.7426 0.0665 -0.6664
vn -0.1636 -0.9829 0.0842
vn 0.7426 -0.0665 0.6664
vn 0.6494 -0.1715 -0.7408
usemtl Material
s off
f 81/201/61 85/202/61 87/203/61 83/204/61
f 84/205/62 83/206/62 87/207/62 88/208/62
f 88/208/63 87/207/63 85/209/63 86/210/63
f 86/210/64 82/211/64 84/212/64 88/213/64
f 82/214/65 81/215/65 83/216/65 84/217/65
f 86/218/66 85/219/66 81/220/66 82/211/66
o Cube.011
v 0.126786 0.415396 -0.096148
v 0.139282 0.276912 -0.130197
v 0.144211 0.387014 0.025681
v 0.156707 0.248530 -0.008367
v -0.015227 0.398552 -0.079760
v -0.002731 0.260068 -0.113808
v 0.002199 0.370171 0.042070
v 0.014695 0.231687 0.008021
vt 0.375000 0.000000
vt 0.625000 0.000000
vt 0.625000 0.250000
vt 0.375000 0.250000
vt 0.375000 0.250000
vt 0.625000 0.250000
vt 0.625000 0.500000
vt 0.375000 0.500000
vt 0.625000 0.750000
vt 0.375000 0.750000
vt 0.625000 0.750000
vt 0.625000 1.000000
vt 0.375000 1.000000
vt 0.125000 0.500000
vt 0.375000 0.500000
vt 0.375000 0.750000
vt 0.125000 0.750000
vt 0.625000 0.500000
vt 0.875000 0.500000
vt 0.875000 0.750000
vn -0.0873 0.9674 0.2378
vn 0.1380 -0.2247 0.9646
vn -0.9866 -0.1170 0.1139
vn 0.0873 -0.9674 -0.2378
vn 0.9866 0.1170 -0.1139
vn -0.1380 0.2247 -0.9646
usemtl Material
s off
f 89/221/67 93/222/67 95/223/67 91/224/67
f 92/225/68 91/226/68 95/227/68 96/228/68
f 96/228/69 95/227/69 93/229/69 94/230/69
f 94/230/70 90/231/70 92/232/70 96/233/70
f 90/234/71 89/235/71 91/236/71 92/237/71
f 94/238/72 93/239/72 89/240/72 90/231/72
o Cube.012
v -0.021588 0.189613 -0.015285
v -0.009093 0.051129 -0.049334
v -0.004163 0.161232 0.106544
v 0.008333 0.022748 0.072496
v -0.163601 0.172770 0.001103
v -0.151105 0.034286 -0.032945
v -0.146176 0.144388 0.122932
v -0.133680 0.005904 0.088884
vt 0.375000 0.000000
vt 0.625000 0.000000
vt 0.625000 0.250000
vt 0.375000 0.250000
vt 0.375000 0.250000
vt 0.625000 0.250000
vt 0.625000 0.500000
vt 0.375000 0.500000
vt 0.625000 0.750000
vt 0.375000 0.750000
vt 0.625000 0.750000
vt 0.625000 1.000000
vt 0.375000 1.000000
vt 0.125000 0.500000
vt 0.375000 0.500000
vt 0.375000 0.750000
vt 0.125000 0.750000
vt 0.625000 0.500000
vt 0.875000 0.500000
vt 0.875000 0.750000
vn -0.0873 0.9674 0.2378
vn 0.1380 -0.2247 0.9646
vn -0.9866 -0.1170 0.1139
vn 0.0873 -0.9674 -0.2378
vn 0.9866 0.1170 -0.1139
vn -0.1380 0.2247 -0.9646
usemtl Material
s off
f 97/241/73 101/242/73 103/243/73 99/244/73
f 100/245/74 99/246/74 103/247/74 104/248/74
f 104/248/75 103/247/75 101/249/75 102/250/75
f 102/250/76 98/251/76 100/252/76 104/253/76
f 98/254/77 97/255/77 99/256/77 100/257/77
f 102/258/78 101/259/78 97/260/78 98/251/78
o Cube.013
v 0.256092 0.129542 0.181985
v 0.244306 -0.011694 0.205646
v 0.245388 0.151091 0.305281
v 0.233602 0.009855 0.328942
v 0.113097 0.139115 0.167898
v 0.101311 -0.002121 0.191559
v 0.102393 0.160664 0.291194
v 0.090607 0.019428 0.314855
vt 0.375000 0.000000
vt 0.625000 0.000000
vt 0.625000 0.250000
vt 0.375000 0.250000
vt 0.375000 0.250000
vt 0.625000 0.250000
vt 0.625000 0.500000
vt 0.375000 0.500000
vt 0.625000 0.750000
vt 0.375000 0.750000
vt 0.625000 0.750000
vt 0.625000 1.000000
vt 0.375000 1.000000
vt 0.125000 0.500000
vt 0.375000 0.500000
vt 0.375000 0.750000
vt 0.125000 0.750000
vt 0.625000 0.500000
vt 0.875000 0.500000
vt 0.875000 0.750000
vn 0.0820 0.9829 -0.1647
vn -0.0852 0.1715 0.9815
vn -0.9930 0.0665 -0.0978
vn -0.0820 -0.9829 0.1647
vn 0.9930 -0.0665 0.0978
vn 0.0852 -0.1715 -0.9815
usemtl Material
s off
f 105/261/79 109/262/79 111/263/79 107/264/79
f 108/265/80 107/266/80 111/267/80 112/268/80
f 112/268/81 111/267/81 109/269/81 110/270/81
f 110/270/82 106/271/82 108/272/82 112/273/82
f 106/274/83 105/275/83 107/276/83 108/277/83
f 110/278/84 109/279/84 105/280/84 106/271/84
